-6.4  -10  
-7  -15  
-3  -14  
-2  -18  
-4  -16.6667  
-1.66667  -12.6667  
-1  -13  
-7  -15  
-2  -16  
-5  -15  
-1  -18  
0  -18  
0  -18  
0  -18  
0  -18  
0  -18  
0  -18  
-4  -17  
0  -18  
0  -18  
0  -18  
0  -18  
0  -18  
-4  -18  
-2  -16.6667  
-1  -17  
0  -18  
0  -18  
-3  -18  
0  -18  
0  -18  
0  -18  
0  -18  
0  -18  
0  -18  
0  -18  
0  -18  
-5  -18  
0  -18  
0  -18  
0  -18  
-4  -16  
0  -18  
0  -18  
-6  -16.6667  
-5  -15.3333  
-3  -17  
-3  -15.3333  
-5  -16.6667  
-3  -16  
-2  -15  
-3  -13.3333  
-2.66667  -12.6667  
-6  -12.5  
-6  -15.3333  
-5  -16  
-6  -16  
-6  -15  
-4  -15  
-7  -13.3333  
-5  -14  
-6  -14  
-5  -15  
-6  -13.3333  
-5  -13.3333  
-4.66667  -12.6667  
-4  -12.5  
-6  -12.5  
-5.4  -10  
-6.4  -10  
-5.66667  -11.6667  
-5  -12.5  
-4.66667  -11.6667  
-4.4  -10  
-4  -10  
-4  -14  
-4  -12  
-3.4  -10  
-4  -13  
-3.66667  -11.6667  
-3.66667  -12.6667  
-3  -12.5  
-3  -10  
-3  -11.6667  
-2.4  -10  
-2  -12.5  
0  -18  
0  -18  
0  -18  
0  -18  
0  -18  
0  -18  
0  -18  
0  -18  
0  -18  
0  -18  
0  -18  
0  -18  
0  -18  
0  -18  
